1789801450721
132950893
13518244871449
2226785922606053
106509961
4457597405788081
924925256909
71653824975947041
16472101
4503290381730341
133548383
219209
9098707446300752513
1060219214579599
64774928615317
66701807
134887594962931
285069998969414237
22211833167107
32046754001
3900582337
4144081358419
2141084987
2251250098429097
144114915009896881
9203668788479487577
264112021565317
15605065258631
8871925784426699
3943001
1114366585925297
1989462108113
18268437256727785979
217458904427
4391462153467
8573748721
128191669494114173
17651711812517327
472714729393
9103685617431417343
1041853030511996207
28006760182587091
16256204891977
2530381669
31350071
281467429064953
9215349999990038747
4611561772720086533
519917820337
8064644462206177
29695610042915339
441483818089
2270940112101502013
140456013378572933
1090965999809045251
12593799353
35270129561227793
1135986360452438881
9047394220687320313
90017849
4013334174679847
106009
1505604355032287
524003867
4002909466981
1096290366569
3154737659947
235916557
2251794814076527
32446958783
18446743515363807361
8165006565419647
22193077
88018037593
116393
17034670193
576456008704999117
70368436945199
133009535563
142544761117207811
140720307855437
18446711769515698511
513248553871
18446729385726745921
70120440389159
133814888377
535445747
18098775215991908519
288229860344595167
503246247477277
16662986553062561693
926973451
890169722768657
546751879970687
137398716197
47815123
4537721997077138033
138818323719619
267939029853853
213868231
16271200343
2078173577
16610901281201
129879469
144064060724630507
1125894396576419
4611685283988009529
9223364651926998403
126616301161673
549677697631
16870631417411
127701067493
4212813705632921
506143747527871
130677787
143899683796255553
2036325853
125277550003836953
7891687
8563499683
280489814291875733
133760189
24888361
1866014122399734191
70061502048089
144099520602957109
9222567217753524571
56606911
52696462561
2245202743776673
49172917
4113668812949
112890769510877
161988786199
17525613896269
128717376769
3879397285767361
4063243
539388723832798261
41192897
31384459903209823
72057447472243489
1098679244081099
1018147767310853
136767674279
281919374177338591
2122716593
280651248517201
1152917792068998451
11174771
18369709841025885961
68444937653
1070593033
397403
17750515718685583
9053164080422523571
534238867
9005884679173093
276408427129765501
263555069
4318967771284124143
1130381926787216461
18012839545632091661
17776956131504431
2294161797674675689
499149835188671
33138269
71730033183569083
1017491
15636333857
72057479684469049
2247421787414803
932931301
997517
4232025493
4342475266667
35163968276009
3536015553523
27209663458481639
68616397363133
2305257257879880547
35039414234053
562105528490694761
1098168579113
2141041046509
503543308676281
963269
1048552140048896099
218768662667
65596247
1955943574578932173
4610049945050048579
32080274802931
842445452129
2244807974149469
3955997
533419153
32971555400247809
129833673006109
30648886617343
281465231261251
18014348312086681
523204993
529887656310413
71221708419156257
32862422595859
1152416902404462967
988053892081
207413
8786364822009553
104316397
1031307577073495963
8428232843
2148445720653787
33583907586435511
130275426023
255195724307
4300521156729917993
71317672248726511
1055512943
25216079618399
254057371533793
434335999
23667659
4503598956281881
18014367639417769
9007173169316743
1098706088107
4084117
26440846909
4501401006735361
249315988333
16472839
1692940218305267
4391462676971
34988242897243
1152912020941573153
16465054045201220843
2305833113426592527
4611685722074649241
4385977971409
548931179905561
115187
6541408799
1067569957
925933
34165588961549
122669
2082319
281281747415761
996250626251
32240721080810243
2136976489
4115823193841368609
7966023793985303
17913243439054547
3645827
72057449015692957
3475206757961
239587277
69080252858963
574085807182760809
4000378653580979647
296709280757
16406364766903
134343596881447
123269856439619399
8232580118833177573
409013567
8273171
4331544118901
4200485291
2148094077651157
55658989439
4328103179999041
9223371090888231539
15602899094942171
2165770553417
9099142291916970143
58483
566046178164640543
16547748146227
549635756951
554428737932903
16608689606331841
9006967275128107
2302606046979443561
274490574847
2873293133
4611570568888602619
12893059
8564730991
1063449239
34299250787
33140483459
269783954028923
487478774249
491265358783
121442110863461
15702400411783
489123202998631
2305839580084976603
4397210806577
279950111045561129
135568658479
2247112964866141
997314790103
288230276293730761
2124395729
18446728791007975207
1616477
31935199
280021491841967
1014345434119
4457597405788081
999249021754570387
288229881492304837
281473309476787
8142319153223
110549
3785617085943971441
285556363871643691
235395449
1125862655138479
1078692763751
4533964277767238579
4390658026177
32461120151
17820884462611507
143729340413937749
4611685283988009529
70360154038297
25216079618399
69973606872811
1098679244081099
1961149
948158797
460519
50429
16948379819281
11065051
1021302797
576328810883913119
133180914521
71688867804477361
32889733386571051
2251792599488101
59242873225843
8686171436809
241656661
9134122697975204719
65034338333
962231755549
540357568415444687
4227991524304861
27673672474467841
1085359470077304853
139837003079363
8588767340929
9053889416025996079
312079600999
32985371
69102106782200417
4611682719527600389
15839839373357
542361647388042931
8714830174283
34333970873
4395489857221
9007040718450601
63521849
9223368756305073827
1090965999809045251
2305825416980595047
69626594477164303
8100439056486319
16440997
4503588520860119
549723832379
533941361
70368146490613
9049603647160520161
28006760182651169
16458314654801
81958874957
17968499796966443
32535101
2305830775083248323
261946226078897
8017109832911
846147275893
102803
1125889549010321
138091787934313
249026440631
1152919884196236467
4213483429
6964697549
549480935807143
71936647754325469
67511742803
808681673
887207469078671449
8795340158797
1099475976481
2198352965119
16570843
9006692397222731
32428431766319
3958777621
137091283181077
281460718182503
558365004809597
7979159
15233692379
19933382494057
9005884943375689
15060440027
256624270363
33917734693552349
7630517
20081942317
4470851631608705723
1006483
8746700201821
1055609591
143303895756158057
68252981431
139174118760899
128267293886581
274491981893
15839839245199
5918700443
116393
426227231
65161457108216377
901766731
144099520602957109
31814815597593421
1857702586021
138344951052649457
1889373823
1978799341
2171409349271
99567047
1152918617206033297
1979979852923
397349
242316767569
70238401700089663
102053071
8699455856999
22211833167107
71201040035779211
31797668065049
1956197
2249275316909167
279577831195603
21394397
2173803042479
8132255862668869
8745280984017077
110549
1125870372651173
2034853
4398712458227341
1600231
4473088176591569
2251439047073773
550142029562468047
8361611443
1121970476242387
4556352956033130893
8741281960727
250853876979691
467989751
4500472882141319
997194007748429
2199060287356721
17591154260761
1125862730633467
8715945047454107
8565008147050321
34219112648758907
46367
34334322871
71388048466776061
927253
285767759338939177
242744881
7973297
230792999
16096216216081
137186717693
921539
2303731946883502439
28490257
1152899651553203009
69183332539513
6572341777
4495834318844837
2247900510234881
576460457292869719
1099069202601712057
66262981
15083459
18446718369269813827
16325833
32925581371
1061303909
982915285619
72004831973539921
139964392897793
1125894202596409
65012653
4281149567
2128156191113
2162074603189
16594389972341
72057563033635693
140456013378523033
2294161797675360331
47053
265124471
441332989
281676823958336083
70258471195733651
1125894844319719
288230308505980801
70608500682205201
890169722768657
4345908989759
1152921326365711081
18009657281597561
70368317407667
1898251
67074979733
28444462225717
260898765874321
887205208382264683
250105181
1055488113709
62142745559
17998941050474509
69830223896903
4003810561243834829
2230826508918047
444439
544737993463
2300917197119181149
4170413227909
33455821452301
4503586071390169
2048857907
15709438665037153
33730443991
32571381288066121
4502534459625127
6795133997
18424137565691953423
281472460133881
68622075167
418227202051
1041566565334181
70367116793521
3256237
7550403430277
60027083
2190298466791
2193243586703738189
2156073493487
525475490929
233047
1021303771
34333970873
68672423503
1909158737
2098091464499
1129193908318676399
70473730214679637
10968413
127258289
27578979390042533
13685545041751819
17433856369642649
17644164664441477
18446718325514895461
274843173953
533676970543
1981491541
35026767950959
451458653957
272368103653082861
8599288600649
216067454653649
1019527
958181433010898879
14725883273
562816156460876107
69080253413861
218896801561
70367720771209
41567
113507
31815789791250599
4351402693571
1918756729
1089430991321353
28006760182642811
281255990193359
71388108037879247
8570110327
9006692076376529
562888695093089
57121
772477131067
244828019
18446728241252162123
7523050357
18446733199523456501
281897189175042967
15702754649444789
70076685557183
1099349628589
2303731946881243517
2251759607100187
493765202467001
1152913461760510123
129891361
68621584337
27968437445083
8516340029
4611682719192056309
276458708079413
101419447567
4014541
142490391378657671
66647981339
35129607755089
9210672212660714491
140714038541873
4317515733569
18003953139160663
549694472363
288224397536264627
72057446331323807
4124767534189
542241513881
9033136232103430841
15094076790746739853
1002425033
17978369712462920731
8796014510167
70087311021016711
9007180128720989
8384187809
144059944676845861
4611682048132792151
288227506425699007
130284784918430939
288230295621080569
539787434801581411
18041420107245467869
30745872929
4555898239
4611682719192056309
252692597
518092845889
1152921429444920521
18367501989202030813
25783081
8993730233799803
2191302111709
4611682718059595039
8215241
16038988621
9026975653865181431
2176474509007
1038308246141
286963738755944911
16870631508737
157605811303
69671157158609
2126455488030787
4092230221649737
1692936787454551
4605212093961979351
2245650400113781
2238943396494899
34348794383
253488413
70166519091421
457422143557
2144878414213
1892659
56619817
4502431385848463
35182857960343
8902054764006983
66081668682481
32954372913371687
7388724555967
281473309476787
130043189
27777347473
1048552140048896099
9223368940988674309
4018110181
133815323
69646546088275747
934634844389
1042603162541
453348454379
253582788313627
139345918034881
128794414834889
4328103179999041
566046178164640543
274164214086761
4387171116131
1790829503317
280630551780267803
46385029
4503290379371207
8204476909
3805589
34340996143
2877012451
66974626811
31364441
142674108349067531
34353102911
127219740218317
70368391856569
846289937501346589
4611685283988009529
18446744030759878681
18009657281597561
533517067
16833054548357
547339338137
140716912154447
491383
30419019061
25216079618399
128634064356652343
72057457068741637
273785935513
66983625283
395413
2249275316909167
65145191
36028750445426227
130701653
223733
17774239957524409
94363
539388723424643033
4611685335527613121
16752311601650912779
50851
629763392149
1031304622589455177
60591600485483
4405455971684881
1036488922561
111096031
72057480019976383
285562348238158063
30121078697609
129759964263525287
1099455005401
1152920297318431541
544737993463
556644499907059
863169625893851
31739077
1085364010712321089
1067407037
419257
2175400782461
563794378350977269
1053022816561
281471789048641
1026130729954295183
15367906727
539688603689
9171405622774369411
51983
11160001
281458319056399
265924358477
436988347
4501401006735361
4365138842117803
2138036269
34474525137313
281472460133881
7591765981
54707
144068189063818391
4152498411907
34815229709077
4398008762449
10970339
34165588961549
9223094962699099091
71794073413993921
1145200409363456161
15580170426043
17565875410729
1944637
1071022098630829
144058295837195459
4181598457
3936300559
2284450910983357427
281217277412483
71740613982213901
488101
33730049933
31766963634817
15564880703
1119113988280991
2533230289
2247112964866141
1113145572936673
34920278828159
2301457441273738591
1076355376939306111
279756359566861
273835138690187
33071411
35007501891097
1860231168335483
576459309152469097
6428701
8991668651363081
1949915079517
18014376967542391
274087299445319
12024082619
7634983
1993291
137036060353
1152899651603533703
1152921279121074961
403771
1152919442812830071
1719017
2151631854583
534953224563803
4397580955681
34317193951
270906877644001
9118002141008902943
562918274891953
4014904158916919
1099211755489
201137
70608500682205201
11642642279
35141421986317
890169722768657
2135251581052631
4019528131
16528429
1048552140048896099
281897189174482127
8979672073323400843
135962336617
137411183069
547232640725308477
34411277689123
971891
549628418789
3936253
31706063
501247
66199331414831
31152469880666111
133762231
15043787883499
2027937281
544655359643
2304418897779505457
1072885811
4611590360064345341
35103835796143
140456013378501077
69045893587361
533843447
101069
535256551011593
33406099
131935948967
32240721080810243
8741011196707
2296235362310334689
9223365711173280971
116267
69973607019439
18369148594554001549
30778776101
532766393
939344529533
18446733209992433123
33604729597
118324300428949
34930612179679
4611550778132277709
312079600999
16040237671
144045105572913427
136129985779
23121299
17992222210502201
260543552613908671
135088358711
1017461
253009
536068381
27964879312009957
9221907564882239921
281457421466099
465767
43931
53743
4503581507995441
142666309325104717
26440853213
140631167875883
557177517109951
27937528245381031
4500472875330307
33615796327
1009271
3452593
282976717860839417
242405673481
4500988275759629
257741910187
16620377
70206159471182381
285070005739463603
6363409177
1152912020136273409
1061352223
193091573387
32339303
3576632382421101979
805751
138204213564805909
1125862655138479
49729
17591959552729
70628382136411093
30856487185417
72055703570761171
1125896232635191
4397815827409
994795069691711
2098091441051
260898765874321
1109633041598922371
66117250841
261591269
266513711
262615522666729
52956802229
22914811
57133487533
4473506951601525557
1142402376502398001
4503561954137143
2078167631
132675649
140650486186198147
35125311021719
56396651
13354658563
6211356383
51634291
4397250131147
33383317356629857
33758919563
141933757006221217
1960109
549609672421
8127548874449923
1599049
530309677
252984340531333
31150514902974443
549740609563
4286939197
2042598289
27477030409
17675748927913969
18105778570806450971
421789
14311068636170996699
9210671858813801401
18446729419012716053
2179232046179689
2029151832359614681
256970701263505363
67551245608879
280972764518473
4120735379061193
862664849
21276733558543
465149
18001001533919039
115711
143270763145678603
1152921158862005569
4397313569791
15636341779
487736170291
17976747307900391
18446576947696765103
562159678146329
1152311383309640471
16155351650377
9006966954272113
2300917197116401819
34165588961549
269930104552723
67460514029
124980306362302597
3867991297
281473164773803
17680468105963573
104476658267
3957827
4082851
70108589865283
1125840223998629
2232184678779351721
8785355174413
135863548187
1088275579418495249
2065735250724452761
35163966573061
66297089
17591960601077
17104047511
1152918617206033297
535348271
15889096942878611
1974059117
8086667
18446716719197067289
8028161
70562123286059851
539308186363
2299509822235629139
9215807666629926623
140731571503577
15336524144671
65006073960193
850964729567
17539409486265803
15471647705417
4503290373866561
18382651456575312481
9058229880584100913
1057426369
543538277281
35060887370917
276831063574081
1119190844227541
1125894984827267
2226123400677919
4611648085217509859
144059944676845861
474187899149
125530496415829
34228760107
16458314654801
9222461671180270787
31805921995681
550580447434571
222359
8588320837
288230246228965681
1072689347
29695610042860057
70282843984907
17280775638063683
17293118881543951
18337913064270745963
70120601999967373
1096290295099
2065994477652612917
9223364630989049449
4394977834242823
559290778723944317
68369637899
274843000997
544956239291933941
18014368713158689
1146588317628437557
8022263
9211515308679727973
1125878239074361
549626320487
559290778723590631
8587370681
4361907166219
50089811
7620731
8652878567659
1911189585251
115285583248853
401219459
18028310218170720889
33965413057
8350759
7930157
4398008762449
8768711380721
143298975159759203
31569784486049633
32674021
4181704139
13354662941
2006479
201587
503492642671769
29651203692633673
963001349
70012092759799
116267
72057457471394071
312079600999
2135251581070109
234040481
4098979348321201
66447721
14243008303
4380686621224283
30844750252847
1078193566321
15641833
424321
4382603929541
16284001
8018541192118531
1141563967356720961
976291
17085676677647
1055520997
9007053199638953
9006606523041469
515119622256689
4500679045548619
58117391
8630736504001
4457597405788081
28000917644431
35123204285749
72056998639720069
32198817702743
10662138017
1038306949868779
131650508115257
1875613
501217177
520246375235491441
15904215784081
32198817702743
15776743007
130322914216946221
1880442592597
68616094627
1069820745151
562816156559156743
36028630639317593
3379876875967
29391196560653
18446744030759878681
69698728610083
122894228002127047
1066650849647
1094142762749
286192177335066077
129788466583
135420846521
21518821609
2064305207
988053892081
549734318137
16254817954369
2136935729
4372640270066063
16082863
8931332950109393
4133034449
53357
16201330223439625493
1101179786060141
263674109
256194638278429691
257410187
7030650811
7846114975782553
4521614025879929039
6478888523
129334069152943
1952868539
857446397
535544033
18335532298516938961
129821890401479
119063677512347
981319216077524587
1010026227441691
1036488922561
15777173258401
8647916404849
64808412769
525494760002083
2150050427521
1152921429444920521
4573204346109872723
4072555577
17284980865441
281472393025321
134192630021
8984014155509288927
71443837718619601
991513
1624039
281897189174482127
276108229025081
2305159960417137679
288211409375867771
17750144092315489
2302691105932107283
1099505336329
71164573066738321
15367919551
549567610591
11900845237
8008501
285274888894995143
65240689
133814964149
263291059
2250202463701921
3211538827333
8400940407879521
258946433426758333
4503152932292393
6677299133
16354914662641
16639489829
4454121603298223
779811265199
252980540603299
17662554788515603
457859
500363666917
8793998101873
1944913
140376709754249
274805297311
62540089802549
143719363885493999
884548085903091763
2229126478336649
2143727739523
955802742745951
1044189460861
8510812489
1069966837
30166457
2158888686763
2136927577
4385977971409
8541248747599123
34276075434571
144092924111991581
274287974101
27393328531207
9007156006225297
16742113810403875807
154566349129
1125830371590917
2140444291
8588402747
26867361027698767
225237171617
18009657281597561
4389854814251
8761194797347
2213803851470989
2110976257891
65861101
4340412231916099373
490342552128743
2141041112311
7886668529497
3005096937763
268370344811
33149747
9007165364796397
4491731908922108353
887193455407735829
25216079618399
126667658036873
4395631034341
1099376468083
557383674516047
497503882693067891
256372454823889
34165588961549
9215349999977990611
66256549
16881653995441
1053464299
34964037907333
9223368751473237329
280912026757102453
1088275579418495249
1125889553204587
33917734693477639
8432402911
8789649953221
231767
512328319923271
4197354852709226081
35968323866710931
281472143460869
17750515718485801
4286580383
50475493
15367903063
35074849426471
8117281
629763392149
1152919234901184277
4014843769680347
2305133579495009611
27725285205932833
33079609697
16513969
2136866437
2126880359
266690230123
133918867
17695527880262447
144089625942002593
219509
2083486733
576449757170630971
280329777069623
2128156210933
550580447346439
551473077343
1947286842358211371
8789650321591
8712340815091
2078173577
454575311
1916042573
1654252600001723
8788037977879
113153371
144092924111991581
240091157
8745186146791
4487237920816732313
8128817
5697241687
2049101618523481771
1815839369
201587
1124917580204807
8695727034961
1048266543409763
68570828659
15066206977541
140204911782227
1152496045952810623
2296695072468720947
4002660989
18346742919875616481
16403701906981
1521429227
16284803
65065471
33042127
8630736094063
7950321393997159
547831668366001
268776384148801
54289
8782790089441
139964393174791
9067824780535939711
8926134461447957393
4248705353
8563156669
1125890444512681
4283368360127
8563156669
985658652659
482653
135425575553
1152496045952810623
274827296819
139898644517561
486721168514767
18011993310759139
26842372171
549649388047
11577908233
4260165714117821
1078506123444185207
17020443023
255595475743
269255395184759947
32889733386571051
285556363872394421
16038990533
65322443
281450779249877
2147507102753
280741175897239
127849001099
254096210506403
33713538241
105124969
4055836849
223772993
10344617
4611685497662610089
70608500682205201
546654135011
1098679244081099
1099501142041
17589863982311
4277121109
4503583923910009
576038539837837693
533908723
272159065187
4125483591167
1152311383309640471
27656748693553831
2305837235880069319
4099583
49562448379
4503152944349821
545421703051
66748819
24636875941
7660376845861
8565779659079
2085206539673
34333929943
33982101121
1091276556709
287868949221664771
282976714830099379
4395631034341
792012239
71269201188852241
2004529721134823
68622958661
8759585453477
8529800020386527
140720307413123
1146040820587427521
65254285519
1072131025543
976681
91999
15702400292963
8752543096181
505691859796369217
15917741447
15583306563043
557177516915359
3891693233
16258351
2598555941
273267257051
921539
564629663451490517
67477731487
35007501891097
186661960399
17591875666889
532831191967612133
571112727745622761
280355477713849
1048552140048896099
2179232046142031
257397421
523237927
576445220867037143
7784808901
31575451
17926437579242581
4611685369887349009
4018071751
17926437579114187
9223368891596566781
32240721080810243
47529639977
261418484370481
128700873599
210292525159
1134039035193210721
17539409486164109
141919668347286607
135425648201
70118269777440289
1148705560180903693
70467569737526231
9223367723365441969
18010894043442383
225007
8132256362536633
138366666210613
1974765193223
279645389361363143
16538329
31608329
9223353892144682309
538322888024791913
16557919297
17591179425847
1098868100501
1092904337703947
1975061189
3932879
562105528490802599
35125311872257
3737051
2053166677
492870153416789
1966801
256656958877492903
4439499746416157
220517581
129557789817643459
16354914662641
1144360460440126801
998202664513
280409824258139
566046178164833599
139345917450889
8700493407745943
243721
109691
4502534457004307
2196338405981
490343253589961
8509789747
30938747502499
221217253
8086667
206568487
1152865430422940879
68654843431
51201774733
32424529
67582039537
1090965999809045251
4636461461
2035861
9223094962699099091
140514148199303
9057783615712746841
9223364685749839021
15922475412303217
8376715649191
283867514012097527
28867680421749643
12952063
963269
499988737
35178839020139
18013873925800937
1121056385635369
22914811
69561289795597
4141765745497
9223365735869326087
1070520497831
17591204590969
261418484370481
1123378857970283
2302765223578854403
545538784211
26251205706833
1018102937
4503290379371207
4248772211
3251461
3452593
70168585835759
2161639860076877
242705063
424321
484756121512067
35054445834899
69561289487873
34388262653321149
4055865859
45571
36028512288646861
4111567
86746601563
18014348312086681
25254083689
7489903
4260165920432449
33655786883291
130322914217006411
245238180923
3672348878959
1098679244081099
2218814464717771
8583709709
490288304591689
534170927
531265714079
4373120102539
483361727
97983063377
11749957
9005884911922999
130594039
1095449941801
131935988287
54253
9220099890232432913
70259660567451967
27627982689745531
14897335813
29678390834990683
239599159
1099120771351
576459307608969089
14457349
4611557373935399369
4353773312630641
1066712113176293
2062520579486539223
512510744533
273014187671
4334656304911
3954158128397459
15027058919
576445633924172203
274020815291
528556867
16276831
139552076317519
4323427625349388531
8211967
4544178371204045989
4354559618459
529747591277770553
1077868528837
20821145878301
17034670193
1774641442209551
71230761293318063
60249549667061
274826313959
69080253413861
209101
51657634771
8793998626037
4276050109
128634064356729119
60657167
544966684699976171
455023
69754974660649
1074605557777
1087700330957
4611685756434386569
1152899923545482747
525522326249177
501247
4156439317
17187565765248859
8057061389561
1055488054729
27265549861027801
1094679636643
30938747502499
16948379819281
4611685674494459929
280329777069623
9114302734201737013
232301
1908503
4248741821
24924040523
133549121
70260975612537043
993890330379299
72057446331323807
865190519
1717453814141621
3670693625321
282419073476120831
12522119
8510812489
2304454061158218259
971891
465744299
135962518957
48686007281
17135211827
64686866467
1125713043788987
142794825114825067
51959
126699241
8677676411483
18446728811945923459
70124616269259841
4008552266686937
16284803
35026767950959
8789650166057
35103838150039
91922071303
4562487954242524681
4282357991
2298665397302721323
70014140626967
1784809118289941
4018130299
131370617987688179
34796041304023
15999799226231
516574717777
55687
68622565997
140720307314831
10869697283
118331
16047116300172231977
65268757
4611649733692234283
533609071631
1099505336329
35097395699701
2140644203
17382135710452781
281473603076807
285274888894934333
8029323536834629
234649
3788799583627
18132795087889357459
65254285519
549687134299
15587893147643
17178530912653563029
127182551
71794073413993921
3429323879231
103705177
1152899651234441947
2792432537
280972764518473
1125888833907289
2245718942645333
17145509385253
17325897912721
4508470459863956527
70298434255129
4381799016323
983473
33964878589
921539
17695500984501281
1152905835765049991
5722608383
4357103598037
1996728627953557969
16333829
12363678169
226275043
110179
497597424701656361
15702400411783
17973166822819217
47897
32158516089061289
3426766571159237
281036880133213
2110976366021
64028825389
2302347954489316627
17649014712296917
53357
17158394471
133802028342481
8899853175689243
2249275316909167
948370883412781793
204881
18088199879226166777
36026769667529699
68655629143
210026651321
112460113
1070535857
17362547728272806363
72057585917755597
282976718387924641
10298286073
33338713
4357103598037
35125312853647
4397586319691
16371285182069
15520296257416151
562933281067709
125288341
133747744729
1124007070684073
18446733168921832529
3452593
130325189587
234011
4611685369887349009
36027491277081131
17588020184249
115543
2076230083
17261473542529
1152899650781465701
68505518233
33013471
72057468074601419
1125870288767293
281281747415761
2251789176940309
262395266416697
87461787029
1877776707967
62385990266473
81135167671
536068381
8323339905817
549727240423
259866894501101
1038308309963
1841787588413
44346929843
59028004284101
82659157793
2245202743825681
18014345090865841
8497632553
128013658796763193
273015587149
455129
15968023992001
1031322238076737427
515821940197
4390660904921
236029
2207735037346147
2197106658709
4550190190978837021
281457178211431
955802742745951
2305782535459716851
554428738090229
988053892081
2128156210933
128844222329
72057583099183519
563794378351257689
71653824975947041
433207581325817
17034718931
1897491400627
103921318909
4062150566799197
143744873958839407
463522373947
16844318087
2305176448548012289
1991146123
274491981893
4043803087
143736545986591849
18271016492511609613
4391462284343
60395149
1152921416560019089
255315107
61874264273
18432020230092440129
16359887
855052243925237473
2251748274470911
4257286253371
117199
998356557984061
284648866990898941
560476051881601
1152921302743389419
136093151239314977
274020357967
8503758953
66894899
6588739357
4340924015004721
551473077343
541219547718808207
1151059155879131857
4082939821476337
26989558019
143299940419512827
250138379
17591204590969
72057526929079561
16173215257
4397966819689
7644256777
276183576451381
107088197
144114909506980283
29542415583883
4496020827135508093
144059944676845861
18389323178457948179
29695610042882423
30763487497
72057454250174599
1099299818569
281450765619559
130701653
17995232576518651
234011
71892667293074983
540745792523
71164573066738321
1053022816561
8775611914251911
1937989661994433
36028721655715501
144043456846492601
4075961
562750237179997
26960663
1125888808729351
1069264981
1120594372769323
2250202463701921
2135251581087587
18014388040500721
72004817478619997
